24.80887372 31.60921502
32.32902299 3.75431034
109.83919598 22.91708543
70.76923077 5.38461538
23.80000000 73.00000000
39.87089716 104.98030635
169.31707317 82.10975610
146.21011673 85.41245136
110.00000000 124.03225806
114.45806452 146.88387097
114.00000000 165.00000000
58.68181818 98.67272727
136.36170213 18.48936170
217.60937500 26.74609375
265.40312876 37.39350181
342.59677419 8.11290323
416.35294118 63.70588235
381.22352941 83.70588235
329.05025997 89.59445407
258.19480519 115.25974026
222.37931034 104.03448276
250.33333333 78.00000000
203.39316239 57.61538462
454.07949791 30.91631799
461.94642857 86.33928571
479.10838446 50.28629857
448.30000000 77.95000000
443.14285714 6.00000000
344.47368421 23.52631579
571.69902913 42.04854369
544.78651685 57.53932584
487.99524941 121.51781473
559.38067520 115.91501746
588.38366337 101.35891089
605.42684766 118.39366516
526.95575221 144.72566372
650.99095841 76.78300181
665.10344828 4.72413793
640.14093960 42.05369128
626.58620690 31.79310345
713.12203390 70.02711864
750.56703078 56.15392254
773.43866944 34.16008316
824.35294118 22.47058824
856.09615385 38.34615385
974.91688312 35.69610390
968.76383266 75.43589744
930.87500000 90.00000000
817.58581236 122.39816934
920.42238267 140.49097473
985.39688716 142.18287938
936.06954436 168.57793765
923.03370787 164.17977528
865.65882353 190.12941176
819.34016393 154.93852459
791.69900143 165.61768902
693.20142602 148.43137255
727.36585366 128.36585366
764.47274633 142.12788260
636.00000000 147.77777778
764.91627907 94.66046512
908.09846154 169.72923077
988.34993773 204.12826899
989.52873563 251.82758621
977.22125813 280.30585683
936.54389966 297.14367161
869.22813688 285.85044360
845.45768025 224.02507837
826.30959446 262.03264095
792.93360996 261.70124481
759.40951396 231.41365047
776.03797468 247.24050633
817.31250000 219.25000000
786.11984283 295.33791749
722.93174061 236.84982935
780.54794521 202.63013699
890.00000000 333.23076923
910.16666667 380.66666667
938.41726619 403.31654676
930.44208038 439.95744681
835.36842105 419.42105263
820.83941606 356.40145985
849.08000000 332.00000000
782.86547085 337.24215247
787.43813953 369.23627907
742.11764706 342.77647059
690.23404255 326.32765957
697.33802817 379.29577465
602.24913094 347.67786790
655.84042553 409.03191489
704.40625000 420.96875000
759.00000000 443.49019608
656.47557003 207.63843648
659.67605634 226.77464789
679.75268817 243.07526882
625.40379404 288.74796748
568.40000000 162.00000000
564.61002786 180.72423398
545.77653631 249.86592179
576.04000000 268.44000000
561.76884422 278.48241206
559.88888889 303.11111111
565.13592233 351.32038835
542.89325843 346.93820225
577.98523985 394.08487085
513.81209781 361.99742600
538.23364486 394.74766355
497.12500000 376.37500000
495.41496599 241.65986395
465.13651877 242.47440273
472.70195627 322.79516686
500.33884298 337.87603306
442.65116279 344.30232558
672.46478873 271.50704225
475.85143770 209.68690096
490.26141079 187.19502075
494.84000000 154.16800000
437.46153846 159.84615385
381.56692913 157.90551181
339.33333333 168.44444444
289.62725225 144.55518018
401.92021277 136.18617021
224.59016393 170.04918033
206.96969697 191.27878788
166.90727532 160.15549215
154.84971098 221.06358382
111.23933210 209.83858998
66.95744681 217.65957447
50.48108108 238.23243243
210.62489829 265.59641985
246.94545455 272.38181818
201.68292683 298.58536585
217.21671018 305.23237598
272.04878049 295.16027875
256.32009346 303.33411215
306.42608696 254.42173913
294.57191087 279.18501013
260.26141079 247.31120332
227.46524064 249.88235294
255.01980198 195.36633663
384.07692308 217.00000000
388.03167421 272.08144796
350.31221020 312.27975270
340.38372093 344.15116279
313.11764706 359.47058824
395.16995074 325.80541872
433.96402878 212.05035971
977.33333333 493.66666667
890.75526742 507.01944895
867.18282989 462.88394277
848.60024010 562.59303721
752.82051282 485.64102564
892.42430279 607.48804781
881.15953757 599.06589595
977.74041298 582.44100295
992.31147541 557.88524590
958.34883721 685.58139535
943.78947368 670.21052632
985.42258065 667.08387097
870.60645161 687.24516129
853.93365308 627.88808953
835.86264442 669.93196406
817.73333333 636.26666667
778.31525424 596.30169492
812.11398964 582.69948187
727.26057030 547.61848574
741.90909091 516.00000000
760.91919192 537.51515152
699.34574468 558.22340426
648.31824062 590.44760673
699.14606742 463.27340824
666.31578947 466.00000000
632.33802817 471.88732394
599.76424361 440.25147348
515.56636005 443.22076216
467.26511628 398.43255814
516.53974895 404.04602510
438.00000000 420.00000000
423.30827068 411.60902256
398.68354430 428.75949367
379.23062382 438.05671078
387.73529412 398.91176471
369.70718232 383.00276243
322.47495362 411.91094620
270.40000000 372.40000000
282.00000000 425.33333333
345.90449438 455.24719101
437.64864865 451.78378378
516.11004785 473.34928230
204.51528384 361.68558952
178.94957983 361.54621849
177.57600000 376.96800000
145.97213622 412.19814241
73.66830467 410.62162162
80.11369509 356.58397933
98.07172996 340.57383966
185.96126255 428.86083214
213.83720930 426.44186047
232.00000000 438.33333333
239.68913481 384.68309859
213.54385965 472.49707602
188.41935484 486.85483871
213.41284404 508.81651376
154.98899083 526.43669725
123.23421589 526.00610998
123.76712329 546.73972603
79.06772908 552.40239044
40.57205240 528.74672489
22.13793103 560.28735632
45.62670713 562.71927162
93.90613718 589.96028881
67.36363636 613.09090909
31.00000000 632.40000000
25.21867518 591.47007183
116.25570776 570.04109589
127.97486034 491.80167598
107.00000000 480.47826087
168.63701068 468.45907473
271.97515528 500.29192547
253.48648649 550.29729730
307.91223629 597.36286920
239.00000000 601.37500000
137.32352941 353.11764706
6.84942085 365.22007722
4.00000000 417.00000000
152.60700389 674.11284047
110.99494098 695.67622260
107.31818182 714.79090909
147.00000000 696.33333333
185.69757640 703.44783983
38.97939914 707.41716738
99.55555556 747.33333333
39.46575342 753.68493151
20.93854033 733.89500640
5.19230769 668.19230769
254.63157895 715.78947368
264.99455041 694.26430518
290.83870968 682.76774194
254.54597701 745.85249042
234.91122715 755.63968668
339.83981693 731.41876430
314.24694377 739.49144254
287.41791045 729.88557214
320.00000000 669.66666667
332.14285714 660.00000000
352.00000000 616.00000000
336.47597254 626.68192220
289.77725118 613.95734597
261.00000000 621.91304348
153.33333333 646.66666667
85.92789116 135.12925170
356.61904762 522.61904762
439.57046980 594.08053691
414.96774194 617.80645161
497.44390244 633.75121951
471.29090909 654.87272727
387.61792453 653.33018868
485.98630137 600.67372354
454.00862069 573.95689655
449.57709251 484.14243759
522.96000000 516.00000000
569.35981308 555.50467290
542.17647059 582.00000000
579.00000000 612.72000000
599.42114385 628.76429809
413.53023256 521.98604651
452.70370370 539.58518519
377.24705882 487.48235294
401.86666667 482.32380952
623.00000000 524.84615385
611.71300448 552.02242152
612.28794326 582.49078014
587.35904255 578.91489362
569.89830508 501.67796610
793.82808023 735.95128940
754.96747967 660.39024390
736.91891892 683.21621622
691.37822350 669.87679083
702.91941392 751.96703297
748.95585216 760.95277207
813.62500000 757.25000000
790.92537313 800.18656716
778.00000000 780.45454545
730.24390244 790.56097561
752.17157712 825.09185442
767.74509804 804.62745098
686.82165605 740.17197452
681.95209581 758.82634731
669.50359712 735.94244604
639.42105263 716.31578947
622.42387218 703.90601504
618.72000000 654.57600000
615.64705882 675.58823529
569.11940299 656.61194030
577.04482226 687.80834621
565.23364486 728.83177570
592.79831933 734.91596639
566.29464286 777.49107143
497.39646870 685.91171750
480.61694915 805.56610169
497.65134100 826.18390805
548.86240310 798.63178295
420.48550725 835.74637681
406.15853659 820.46341463
379.97882736 793.30456026
342.40000000 707.60000000
364.63694268 713.85987261
503.08620690 763.75862069
513.57201646 801.68724280
332.93794749 807.13603819
353.00000000 823.87500000
292.79357798 838.34174312
258.56363636 822.16363636
225.55722071 775.56267030
182.16326531 801.32653061
148.59951749 802.82750302
117.88065844 805.56790123
141.05982906 842.99145299
189.83076923 846.91282051
202.35789474 876.51278195
256.69509044 874.49870801
271.41095890 881.98630137
311.38000000 881.54000000
108.16720257 869.76527331
52.22983871 863.98790323
64.83333333 894.08333333
84.87500000 893.70833333
3.42307692 796.23076923
24.03212851 911.24497992
57.36231884 674.85507246
121.96428571 647.96428571
163.55231144 605.72262774
127.40728477 605.27483444
716.64183381 852.65902579
674.42234332 865.13079019
648.84528302 833.14465409
630.00000000 867.14285714
618.19310345 853.86206897
605.16666667 869.04166667
594.00000000 898.12500000
601.75000000 921.25000000
577.48251748 830.71328671
599.11842105 828.09868421
578.82113821 855.47154472
525.86146096 876.02015113
549.10733844 907.61883899
512.42763158 901.28947368
527.95145631 931.54368932
556.76173285 946.31889290
507.06792453 947.60754717
469.37623762 916.54455446
446.93491124 877.54437870
411.37606838 853.61538462
407.27692308 890.89890110
388.82051282 945.23076923
738.02941176 932.94117647
640.01416431 965.45325779
466.80563380 972.36619718
584.00000000 991.00000000
521.61739130 996.49565217
403.89795918 990.06122449
382.47761194 996.85074627
399.70909091 997.98181818
655.33205742 989.34258373
812.97337770 947.25623960
913.52000000 956.58666667
931.11111111 952.55555556
828.50000000 922.00000000
890.27272727 896.04545455
944.48275862 897.86206897
931.11981567 914.94470046
880.42720764 953.48687351
861.74829932 974.46938776
730.78350515 987.88659794
764.53548387 977.96774194
721.53846154 993.61538462
756.27240773 930.31107206
852.93181818 884.42045455
836.60000000 895.20000000
885.80346821 868.16763006
919.18858561 809.70719603
896.21794872 804.64102564
945.12682927 852.14146341
939.74528302 827.04088050
956.01893939 818.52272727
990.92857143 847.71428571
966.75838926 860.50335570
993.38961039 902.40259740
916.85804416 843.95583596
843.81366460 823.88198758
709.32116788 883.30656934
682.84800000 919.31200000
634.57303371 894.10112360
334.69116081 940.00958466
360.86238532 975.81651376
238.52078240 923.83129584
161.45205479 923.79452055
154.00000000 991.44736842
139.32773109 958.39431157
311.30632911 899.77215190
290.53267327 977.31485149
48.50000000 985.00000000
62.70517928 951.19920319
74.67901235 918.56172840
129.00000000 925.16666667
82.86206897 985.48275862
7.97333333 983.16000000
748.39062500 419.44531250
841.95849802 997.07905138
954.74137931 982.08620690
998.19642857 955.57142857
651.40875912 787.76642336
669.77777778 819.00000000
631.64516129 753.83870968
666.00000000 753.00000000
281.40925267 543.85765125
422.59701493 561.85074627
723.38709677 635.80645161
658.04225352 627.49765258
682.81042654 511.52606635
376.68405365 177.00894188
330.42857143 200.50000000
115.33536585 86.03658537
181.42045455 901.82954545
141.35135135 895.51351351
936.13239437 749.94647887
989.92845258 718.31281198
206.61165049 586.73786408
175.79492834 557.65711136
239.70803949 616.00282087
356.34567901 659.67901235
192.72222222 10.00000000
297.17418351 14.05909798
319.65625000 141.40625000
308.51428571 157.28571429
300.62098501 127.22483940
706.83673469 178.72011662
669.25000000 173.50000000
661.00000000 154.12500000
668.62934947 133.21633888
681.73469388 15.36734694
610.01490313 16.59314456
798.17110266 45.26235741
814.37414966 33.42176871
908.52000000 35.88000000
919.13385827 49.63779528
860.25041459 98.66003317
856.10702341 114.58528428
920.68735084 256.02147971
957.45321308 213.17474634
927.69520548 338.16780822
935.80701754 359.27485380
969.72403983 381.36699858
983.00000000 366.00000000
954.88695652 368.38260870
984.52899197 315.06868867
931.61538462 460.60000000
921.75000000 491.35000000
836.43144424 543.52833638
795.59211928 551.85410011
880.08411215 641.80373832
678.80575540 895.85611511
471.41818182 727.29090909
129.73076923 253.44230769
150.36800000 275.03200000
